0.045248
0.121725 0.093982
0.03648
0.093271 0.094363
0.041801
0.09316 0.093481
0.03634
0.097349 0.094363
0.03614
0.093331 0.09291
0.036351
0.093832 0.097759
0.03619
0.09297 0.096106
0.036321
0.094122 0.09319
0.036381
0.0928 0.093571
0.03631
0.09286 0.093271
0.03621
0.093441 0.093972
0.03616
0.094614 0.09309
0.036471
0.094553 0.094914
0.037052
0.098641 0.103701
0.037102
0.098822 0.125373
0.036351
0.09285 0.094864
0.03607
0.093982 0.09285
0.045118
0.122046 0.095926
0.036451
0.095545 0.099804
0.041049
0.094654 0.100033
0.045178
0.116556 0.094212
0.03612
0.092829 0.093721
0.03643
0.094493 0.110343
0.03626
0.096076 0.097338
0.036551
0.095955 0.093932
0.044917
0.096417 0.09833
0.03612
0.09291 0.09286
0.03648
0.094163 0.094333
0.036741
0.100395 0.095805
0.043274
0.094182 0.095115
0.03638
0.09317 0.116245
0.03637
0.09305 0.095134
0.03625
0.098521 0.09299
0.045498
0.116605 0.093391
0.03641
0.093852 0.093571
0.036361
0.102718 0.093501
0.03618
0.093831 0.109842
0.03625
0.092949 0.116185
0.036361
0.094814 0.100154
0.03631
0.097629 0.094322
0.042652
0.093911 0.094172
0.045178
0.116155 0.096958
0.036421
0.09826 0.093421
0.045608
0.097319 0.095655
0.045418
0.116285 0.106547
0.045177
0.116276 0.119943
0.035989
0.098992 0.093622
0.03625
0.093832 0.120253
0.03637
0.093591 0.095194
0.042082
0.092859 0.093702
0.03613
0.094152 0.093
0.0363
0.093772 0.094152
0.036391
0.093361 0.096898
0.036902
0.095805 0.100034
0.046259
0.095495 0.095155
0.036621
0.099212 0.09835
0.037142
0.100234 0.093641
0.036691
0.096146 0.094202
0.036941
0.095955 0.093241
0.03605
0.096968 0.09284
0.03632
0.093762 0.094783
0.036451
0.093571 0.093461
0.03619
0.09328 0.116796
0.03643
0.096096 0.095806
0.03637
0.093772 0.0931
0.03621
0.100034 0.093341
0.03626
0.093441 0.092879
0.03609
0.095134 0.112367
0.036331
0.095916 0.09341
0.045929
0.118449 0.093681
0.036441
0.094063 0.093572
0.03614
0.095064 0.094693
0.045318
0.116496 0.09329
0.03635
0.096948 0.093601
0.036701
0.09325 0.09324
0.036119
0.094643 0.093782
0.038174
0.093942 0.09304
0.03638
0.093832 0.116635
0.036491
0.094423 0.09286
0.037362
0.095635 0.0931
0.047733
0.09826 0.098601
0.03632
0.093041 0.102508
0.03628
0.09317 0.096407
0.037232
0.098391 0.096557
0.03621
0.09847 0.093812
0.03628
0.097989 0.094984
0.037102
0.101526 0.094543
0.043634
0.093691 0.115423
0.037092
0.096186 0.10822
0.037382
0.09858 0.099393
0.036961
0.101196 0.100324
0.056149
0.115624 0.100605
0.036992
0.097188 0.096517
0.043394
0.095165 0.09774
0.045538
0.098351 0.093752
0.037051
0.094964 0.095465
0.045959
0.110634 0.093912
0.036821
0.09826 0.098922
0.037503
0.095585 0.094062
0.036521
0.093972 0.09804
Average: 0.0681754 0.0488853
